XI

’ Β1111 1111111111 1 111111 1111111111 mezi nim 1 Ρ. 0111111111
ἱ Scipionem 1111111111, 1111111111 11 11111 111111111111111111111
k obou, 111111 111 11 11111111111111111111111111111111111111111
1 11 11111111 11111111 111111111111. Ρ111111111 jioh bylo 11111
111 1111111111111 111111 1111111111 111111, 1111 1111111 11111
mezi 111111 1111111111 (111111. 1901111111111 1111111112111,
Ρ.0111111111 Scipionem 11111111. 11111111 Scipio 1111111111
111111 11111111111111111111111111111, 11 1 1111111111111 11-
11111111 1 11111 111111111111 od 011111111111111.

Uplynulo 11111111 111 (111 -111111 1111 11111, 11 111
1111111111 1111 11 11111111 - 11 111111 Scipiona 1111111111, zhubo·
11111 11111 1111111111, 11111 1. 129, 1111 1111111111111111 oba
111111 11111 0. Fannius Strabo 1 Q. Mucius Scaevola augur
1 111111 1 1111111111 11111 11 doli. Ζ1111111 11111 1111 11
1111111111 1111111111111111 111111 1111111 Laeliova3 11111 11-
111111, 111 11111 1111111111 11111111 1111111 111111 1 1111 1111111111-
niti 1111111. Κ1111111111111111111111, 111 oba 11111111, 11-
1111 ho 111111, 1111111111111111111111111111111111111111. ’
11111 11111 11111111 1 1111111, 1111 1111 111111111111111111,
mezi 11111111 111 11111 11111, 111111 111111111111111, 11111111
1111 111111, kam 11 1111111 11111. 1111111111, 11111 1111111,
1111 11111 111111 11 1111111 1111111111111111111111111, 11111111
1111111111 blahovolnou 11111111111. Μ111 11111111111111-
111111, nikdy 111 1111111111111111111111, 1 11111111 1111111111
11 111111111 111111 11111111 11111 111111 11 111111, Ρ1111
11111111111111111111 1 1111111 1111111111111111111. 0111111111
111111 od 1111111 1111111 111 1111 11111111] 1111111111, nikdy
1111, 11 11 1111111111 bylo 1 11111111. 111111 1111111111
1 111111111111 111111 11111111, 111 11111 111111111111111111111
11111111 1111111111] filosofi 11111111 1 111111 11. 1111111111
1 1111, jak 1111111 11 1111111111, jak 11111111111111111111111
11111111 1 11111111, 111 11111111111111 miti 11111111111111
1 1111111111, 1111111 1111111 11111111 111111, by 1111111111

 

