X

111111 10111111 jim 11111 11 1111 11, 11111, 11 1111111111 11111
11111111 11110111 1111111101 111111 1111111 1111111, 1 11111 1111
11111 proti 1111111 11111111, 111 1111111 11 mu 11111111, 11 by
10111 11 111111011101111101110, 1110 111 1111101110, 0111111110 11-
111111 111111 11110111 1 111 1111111111 111111 11111. Ζ111111 do·

⁴ , 111111 1111 11111 11111, 11111 (10111111, 11 (1111 11111111 1111 11-

11111111, 111101111 po 1111011Ρ11101111 1111111 0 11111110
111111 1 1101111111 1111011, 11 11111111 11 tu 111111 1111111111111,
111101 1 11 111111 1111111 111 11111111 111111, 1111 111 11
111111 11111111. Ale i 111111 11111111 11111 1111 1111111111 111110-
11111, 11111 111111 1111111111 1 10111111; 1101111111 (1110 11111111-
1111 11111111111 11111111 1111111 1111111111] 1 1111111111] 1111111-
10111 111111, 111101 1 111111111111111111111111111111111111. Tim
1111111 1111111 11111 1110111111 1 11110111111 111111, 11 11111111-
1111111] 11111111 bylo 1111110. Ζ 1101111 1111 Cicero asi spisu
Aristona 11111011 Κ11, peripatetika zpoloviee 3. st. 11. Κ1.,
1111 1111 1101 1 3 11111111 0 11111 111111 - 1111111 11111 1110111 -
110111 1111111111 11111, Τ1111011, synu 1111111110 1111111111-
(11111, 1111 111110111 11111111 111011 1111011(Ε11)1111111111111
1111111, 111 11 11111111 111101 11111111, 1111 111111111111111
0111111. 1110111 10110 11111, jak sami 1101111111 11111111, 111111
11111 1Ρ111111 1 1111011111. Ρ11111111 1111111111 10 111110 11
11 111111 dob 111111 1111111.

LAELIUS DE AMICITIA.

Ὺ 1111111111 111 1111101111. Pomponiu 11101.
Cicero 111111 111 1111110111111 11111 11111, 1 11111011111111-
1111111] 1 11111 1111111111 (1111111111, 1111111101111111111 111110-
1111 1. 44, tedy asi 11111 11110 10111. 11111 1011011 1111111111
1111111 1111 (1110 0 11111, 1111 1011011111111 G. Laelius Sapiens,
0 11111 1111111 11 1111111111111, 1 1111111111. 0111111111011
11 1111111 110111 1111111111 1111 1111 111111111111111111111111.

 

