²⁵s{?ss?*
111111111

UVOD. ,
1110101111 u 1111111111 1111) 1111101111.

’ 8111111111111 11111110111111111 111111 11111111 111111-
’11111 1 111111111 tim 1111 111111, 1111 11111 111111 1111111111
bylo ο 11111111111111111111 111111 1111111.

1111111 111111 11111111 1111111 11. 111, kdy po 11111111
11111 11111 1 Karthagifiany 11111111111111111111111 a 1111111111
111111 111111 11111111 11111 11 1111111, 1111111111111111111111
-1 1111111111 1111111111 11111111 1111111. Velice 1111111111
11111, 11 1111111111 111111111 1111 11111 grammatikove a 111-
·111111 11111, 11111 1 1111111111, 11111111111111111 11111 111111
1111111111 1111111111. Tei 1111111111111111, 111 111111 11111111
11111 11111 11 111111111111111111111111 1111111111111 11111
1111111111111 k senatu 1111111111, 111111 1 111111 tom 1111 11111.
’1111 1111111 1111111 1111 pobyt 1111111111111111111111 1151111
r. 155, 111111111111 1111 111 1111111111 11111111, 1111111111Κ11-
11111, 11111111111Κ111ο111 a stoika Diogena. 111111 1111111 ti
11111111 1111111111, 1111111111 111111 1111111111 1111111111
1111 1111111111. 111111 111111 forma i 1111 11111 1111111-
1111 1111111 111111 1111111 11111111 1111111111 11 111 111111
11111. 011111 11111111 1111111111111111111111111 1111111111-
1111 1111111 11 11111 11111111 11111111 11111111 1111111111,
1111 011111 11111111; 1111111 1111111111111111111111111111111
111111 1111111111 za 11111111 1111111111 11111111, 111 1111111
111111111111111111111 11111111, 11 1111111111111 11111111 11-

207503

 

