VI}

Tullio, 111 1. 41 11 udilo, 1111111 11 ho 11111111111111. ’111
1111111 (111111111111111 111111111111111, oddal 11 1111111 studio
11111111 111111 1111111111, 111111 11111 1111111111111 (1111111111
1111111111111111111 tom. 1111111 111 11 1111111111 111111111-
11111 1111111111, 1111111 11111 1111111 111 1111111111 1 11111111
filosofi 11111111 1111111111 11111111111111111111 11111111, 111111
dosud 11111111 tom 111111111111111111111111, 11111111, 11111
1111 11111111 111 111111111111111111111111111 1111111111 1111111
1 1111111111111111111111 11111111. ,1111 1111111111 11111111 11
11111111 1111 11111 veliki, 11111111111111. Β111111111111111
111 111111 11111 1111 1111 1111111111111111111111 1111111,
1111111 1 nauky 11111111 11 1111111 1111111111. 011111 111111 to
plody 1111111111, 111111 11 1111111111 dile 1111111111 1111111111
11111111 1111111, 11111 dila 111 (11111 11111111 111111111111111111
111111111. Ale 1111 to 1111111111111111111111111, 11111 111Ι
1111111111 11111111 11111111111 11111, 111111 1 11111111 11111111
1111111111, 11111, 111 11 1111 1111111111 111 1111111111 1111,
1111111111 11 11111 1111 111 11111111 111111 11111111· 111 11-
11111111 111111 1111111 1111111 1111111111 1111 11111111.
11111111 11111111 byl 11111111 11111 1111 Η111111111, 1111·
11111111 111111111111 1 1111111111 11111111111111111111111 111-
1111111, 111 11 111111 111111111111111111111. 1111111111 Poro·
11111 stoicorum, 1111111111 111111 1 §esti 1111111111 111111
1111111. Ζ oboru dialektiky 111111 1111 Academico, pro-
1111111 1111111, 11111 1111 11111111 1111111 moino 1 jak
11 to 1111. Do 111111 11111111 111 knihy 11 notura (1111111,
111111 1111111111 11 o 111111 1 1111111111 11111, 0 11111111,

· 11111 1111, 0 1111111 1111 1111111111. Κ 11111111 tomu 1111 11

dvo 111111 11111, 111111111111111(ο 11111111, 211111) 1 do foto
(ο 111111; 1111 111 11111111111111 11111111). 1111111111 1111
11111111 Cicero 1111111 1111111. 1111111111111111 1111 do fi·
nibus bonorum 11 1111111111 (o 111111111111 dobru 1 111,
1 11111). To 1111 11111111 11111111 1111111111 (1111 1111; 11-

 

